=== Mo 严选靶点 (564 -> 阶梯下降 -> 黑名单剔除) ===
时间: 2026-04-30 15:57:35

节点                                                            基因数
----                                                              ------
起始 (Mo_protective core_targets)                               564
Step A 阶梯下降 (0.6 logFC<=-0.30, 10 logFC<=-0.585, FDR<0.05) 65
Step B 黑名单剔除 (核糖体/线粒体结构/胞内结构/糖脂氨基酸代谢) 58
        其中: 命中白名单 45, 仅命中黑名单(剔) 7, 都未命中(默认保留) 13

白名单各类基因数 (允许重叠):

 CellCommunication SignalTransduction           Membrane          ImmuneReg 
                27                 27                 25                 14 
             TFReg         InflammReg           Secreted 
                12                  6                  6 

命中炎症/免疫调控: 17 (写入 core_targets_strict_InflammImmune.tsv)
剔除清单 (仅命中黑名单, 7 个): stepB_dropped_blacklist_only.tsv

=== 严选核心靶点 (前 50) ===
   gene_symbol
         Abca9
       Rasgrp2
        Cx3cr1
          Nfe2
         Abcd2
          Add3
        Bcl11a
         Cd177
       Rnf144a
          Rfx2
         Satb2
         Arrb1
          Klf2
           Mbp
          Insr
 9130008F23Rik
         S1pr5
       Ralgps2
        Pdlim1
      Arhgef18
          Btla
        Hgsnat
        Hdac10
         Aph1b
          Tmc6
        Cd209a
       Rnase2b
         Ampd3
         Rab36
        Camkk2
         Smim5
      AI467606
         Tmcc1
      Arhgap21
       Kctd12b
        Klhl17
        Dipk1a
         Gstm1
          Sqor
          Bmyc
          Rfc4
          E2f2
       Ccdc125
       Rasgrp4
       St3gal2
        Dusp18
        Fam89b
 6430548M08Rik
         Asap1
       Foxred2
                                                         func_class
                                                           Membrane
            ImmuneReg;SignalTransduction;CellCommunication;Membrane
 ImmuneReg;InflammReg;SignalTransduction;CellCommunication;Membrane
                         SignalTransduction;CellCommunication;TFReg
                                                         InflammReg
                                                           Membrane
                                                    ImmuneReg;TFReg
            ImmuneReg;SignalTransduction;CellCommunication;Membrane
            ImmuneReg;SignalTransduction;CellCommunication;Membrane
                                                              TFReg
                                                              TFReg
     InflammReg;SignalTransduction;CellCommunication;Membrane;TFReg
    ImmuneReg;InflammReg;SignalTransduction;CellCommunication;TFReg
           InflammReg;SignalTransduction;CellCommunication;Membrane
                SignalTransduction;CellCommunication;Membrane;TFReg
                                                                   
                      SignalTransduction;CellCommunication;Membrane
                      SignalTransduction;CellCommunication;Membrane
                                                              TFReg
                      SignalTransduction;CellCommunication;Membrane
            ImmuneReg;SignalTransduction;CellCommunication;Membrane
                                                                   
                                                              TFReg
                      SignalTransduction;CellCommunication;Membrane
                                                           Membrane
                                                 ImmuneReg;Membrane
                                                 ImmuneReg;Secreted
                                                          ImmuneReg
                                                                   
                               SignalTransduction;CellCommunication
                                                                   
                                                                   
                                                                   
                      SignalTransduction;CellCommunication;Membrane
                      SignalTransduction;CellCommunication;Membrane
                                                                   
                                                                   
                                                           Secreted
                                                                   
                                                              TFReg
                                                                   
                         SignalTransduction;CellCommunication;TFReg
                               SignalTransduction;CellCommunication
            ImmuneReg;SignalTransduction;CellCommunication;Membrane
                                                           Secreted
                                                                   
                      SignalTransduction;CellCommunication;Membrane
                                                                   
                                                           Membrane
                                                                   
                    also_in_blacklist trend_slope    trend_FDR
                                       -0.8497345 0.0004432746
                                       -0.8192916 0.0052158272
                                       -0.7960648 0.0010919041
                                       -0.7693372 0.0015292508
                      LipidMetabolism  -0.7416653 0.0003685254
                CytoskeletalStructure  -0.7363425 0.0002763920
                                       -0.7211304 0.0005748789
                                       -0.7138074 0.0042132085
                                       -0.7124020 0.0027741510
                                       -0.6974853 0.0119487569
                                       -0.6807702 0.0016457819
                       CarbMetabolism  -0.6659184 0.0005610674
                                       -0.6324567 0.0008417408
                CytoskeletalStructure  -0.6233044 0.0001039640
 CytoskeletalStructure;CarbMetabolism  -0.6230225 0.0001091944
                                       -0.5808196 0.0032844820
                                       -0.5768153 0.0027247833
                                       -0.5661222 0.0031473488
                                       -0.5617033 0.0019963544
                                       -0.5600935 0.0005279042
                                       -0.5339173 0.0048294087
                                       -0.5256002 0.0007330500
                                       -0.5152233 0.0096542518
                                       -0.5141989 0.0058080819
                                       -0.5118193 0.0087831921
                                       -0.4940308 0.0023806023
                                       -0.4936765 0.0066964880
                                       -0.4850236 0.0016299061
                                       -0.4749280 0.0011067475
                                       -0.4702985 0.0002559486
                                       -0.4687315 0.0110540966
                                       -0.4616697 0.0014930423
                                       -0.4583333 0.0008155484
                                       -0.4581091 0.0062521094
                                       -0.4423533 0.0160193670
                                       -0.4421454 0.0152854792
                                       -0.4409131 0.0010737113
                      LipidMetabolism  -0.4406725 0.0125515864
                                       -0.4271798 0.0012559881
                                       -0.4213298 0.0023504385
                                       -0.4179338 0.0519551828
                                       -0.3834392 0.0020433556
                                       -0.3820003 0.0649957500
                                       -0.3685283 0.0098452343
       CarbMetabolism;LipidMetabolism  -0.3592811 0.0511487476
                                       -0.3551914 0.0247017301
                                       -0.3488999 0.0051522990
                                       -0.3394416 0.0106514033
                                       -0.3329532 0.0205734759
                                       -0.3289648 0.0546374248
 log2FC_0p6_vs_TX91 FDR_0p6_vs_TX91 log2FC_10_vs_TX91 FDR_10_vs_TX91
         -1.4412458     0.014047779        -1.5811721   5.371770e-03
         -1.9033144     0.009305864        -1.5031895   3.425755e-02
         -1.7286872     0.001185250        -2.5488509   1.347128e-05
         -1.7055805     0.001221123        -1.2353927   1.236962e-02
         -1.1921031     0.018022188        -1.3722956   5.317684e-03
         -0.9751044     0.048687820        -1.1528393   1.562413e-02
         -0.9958660     0.049943592        -1.0452648   3.401326e-02
         -1.7178909     0.002080029        -1.1533669   2.966101e-02
         -1.3399623     0.043648831        -1.4344886   2.594793e-02
         -1.6093711     0.042191569        -1.6750008   2.966101e-02
         -1.4225113     0.016037206        -1.9214046   1.147844e-03
         -1.1950035     0.015102941        -1.5336437   1.588404e-03
         -1.1301850     0.016103491        -1.1494729   1.143748e-02
         -0.7842243     0.038304969        -1.3135388   6.558237e-04
         -0.9492875     0.013299282        -1.3232621   6.520215e-04
         -1.3044771     0.036456751        -1.4107444   2.006246e-02
         -1.1977913     0.022503103        -1.4141251   5.821340e-03
         -1.3198551     0.012986917        -1.2426163   1.516120e-02
         -1.0358899     0.029235893        -0.9387082   4.448263e-02
         -0.9779597     0.017309108        -1.1802723   3.481632e-03
         -1.1272399     0.028915455        -1.4390800   4.504045e-03
         -1.0472894     0.007071538        -1.2863154   9.131050e-04
         -1.6139547     0.002080029        -1.3427109   6.901828e-03
         -1.4068809     0.004747924        -1.3278532   5.317684e-03
         -1.2000261     0.021581934        -1.0550195   3.977530e-02
         -1.4132643     0.002093300        -1.2757808   3.669819e-03
         -1.2984988     0.010844065        -1.3266926   6.962882e-03
         -1.1025197     0.006897641        -1.0414801   7.931805e-03
         -0.9170260     0.049943592        -1.2390050   6.138878e-03
         -0.7964567     0.014003071        -1.0213972   1.488013e-03
         -1.3824131     0.006134885        -1.5227840   1.960703e-03
         -0.8746576     0.019495980        -1.2614066   8.920905e-04
         -0.9073742     0.010871037        -1.0754945   2.031901e-03
         -0.9193680     0.048708637        -0.9784984   3.050260e-02
         -1.4756730     0.001434261        -1.5238993   8.019795e-04
         -1.1063421     0.031570479        -1.2040718   1.593080e-02
         -0.8613934     0.012986707        -0.9531348   4.590463e-03
         -1.1307049     0.015855584        -1.0486890   2.081225e-02
         -0.8063982     0.019006059        -0.7681943   2.234386e-02
         -0.8634113     0.013735227        -1.2561819   4.755798e-04
         -1.3306766     0.006566038        -1.7080846   5.801019e-04
         -0.7696570     0.025634449        -0.9348083   5.595070e-03
         -1.2422018     0.022237691        -1.2272834   2.067091e-02
         -0.8821697     0.024902391        -0.9263901   1.562413e-02
         -1.1254432     0.022051570        -0.9793103   4.253737e-02
         -1.1497023     0.005878430        -1.2905179   1.574757e-03
         -0.7148680     0.048708637        -0.8965386   1.045432e-02
         -0.8635582     0.019842842        -0.9506480   8.673155e-03
         -0.9566486     0.012350522        -0.8027038   2.975983e-02
         -0.8401353     0.004569736        -1.5641020   5.831151e-06
 log2FC_100_vs_TX91 FDR_100_vs_TX91 log2FC_TX91_vs_Sham FDR_TX91_vs_Sham
          -2.785806    8.132301e-06         -0.65127752       0.38059355
          -2.864347    7.025153e-05         -0.61941070       0.55460996
          -2.380161    1.021207e-05         -0.47496831       0.50517116
          -2.721187    2.034025e-06         -0.32691021       0.69658371
          -2.412154    8.132301e-06         -0.45526160       0.52123569
          -2.395230    6.411793e-06         -0.44503170       0.51915641
          -2.387302    8.814498e-06         -0.36379609       0.64741968
          -2.567533    8.814498e-06         -0.41064395       0.62245319
          -2.343165    2.017683e-04         -0.52237709       0.60082761
          -2.303075    1.279795e-03         -0.41215875       0.76580725
          -2.102936    1.855823e-04         -0.33280190       0.74095934
          -2.106848    2.635662e-05         -0.40315543       0.57337456
          -2.101760    1.602568e-05         -0.38697380       0.57216338
          -1.901243    4.383837e-06         -0.60320935       0.14539846
          -1.952083    3.293457e-06         -0.46751267       0.31098124
          -1.900643    8.577359e-04         -0.92188269       0.18767755
          -1.850606    2.235330e-04         -0.27416097       0.76745078
          -1.912820    1.597176e-04         -0.89276020       0.11048911
          -1.904738    5.845790e-05          0.01959584       0.98933726
          -1.799541    2.215089e-05         -0.38977051       0.49029136
          -1.675778    4.736380e-04         -0.24229459       0.80221815
          -1.672325    2.354091e-05         -0.07686625       0.93119449
          -1.807826    2.053803e-04         -0.02444824       0.98787935
          -1.740339    1.944519e-04         -0.69603591       0.21176188
          -1.754400    3.495117e-04         -0.11030784       0.92655701
          -1.692597    1.067535e-04         -0.32121187       0.64994569
          -1.636191    4.758308e-04          0.17638256       0.85884806
          -1.637092    4.981673e-05         -0.03614407       0.97354047
          -1.475767    5.856117e-04         -0.57953594       0.30157510
          -1.492681    1.027317e-05         -0.49436986       0.16477441
          -1.515648    8.588482e-04         -0.16302834       0.86856644
          -1.409983    1.140710e-04         -0.23841472       0.70208846
          -1.471738    3.844751e-05         -0.31999988       0.51915641
          -1.507320    4.557124e-04         -0.87225274       0.06405302
          -1.458436    4.630628e-04         -0.79480776       0.08893553
          -1.441241    1.873663e-03         -0.21424725       0.83072538
          -1.439130    3.649440e-05         -0.39956668       0.35245648
          -1.496247    5.215763e-04         -0.48570254       0.42935346
          -1.436667    3.844751e-05          0.03570855       0.96864795
          -1.273509    1.450865e-04         -0.35894187       0.43552330
          -1.267310    3.338071e-03         -0.71949489       0.18387551
          -1.223080    2.113401e-04         -0.15383614       0.81776278
          -1.278307    7.896605e-03          0.19408960       0.85560147
          -1.213688    7.957440e-04         -0.61185582       0.16040471
          -1.246315    4.411302e-03         -0.26960946       0.75145935
          -1.137033    2.057171e-03         -0.31795943       0.60812450
          -1.102443    8.262198e-04          0.12677396       0.85832255
          -1.102442    1.126321e-03         -0.52396167       0.21884548
          -1.161159    8.079038e-04         -0.19103536       0.77782285
          -0.855227    1.179666e-03         -0.12786144       0.82029764
 meanExpr_TX91
      9.357870
      9.016993
      9.880361
      9.514251
      8.456748
     11.224762
      9.037347
     10.045142
      9.246693
      7.837127
      8.208193
      8.916397
      9.178190
     10.767325
      9.829867
      6.612372
     10.125986
      6.833232
     11.053206
     10.674939
      9.086952
     10.602991
      6.579385
      6.845499
      8.881613
      6.224721
      6.314067
     10.867387
      6.246003
      9.396605
      6.460812
      9.374692
     10.095806
      8.096602
      6.238004
      8.056707
      8.841223
      8.576952
     10.112235
      9.238489
      8.088438
     11.062580
      7.244423
      8.657147
      7.457901
      6.150613
      9.835379
     10.401344
      9.673994
      9.278355
